dim 50 50 50
putBox 1 5 3 11 2 10 0.95 0.95 0.95 1.0
putBox 10 14 3 11 2 10 0.95 0.95 0.95 1.0
putBox 9 13 21 27 2 10 0.95 0.95 0.95 1.0
putBox 2 6 21 27 2 10 0.95 0.95 0.95 1.0
putVoxel 3 26 2 0.0 0.0 0.0 1.0
putVoxel 5 26 2 0.0 0.0 0.0 1.0
putVoxel 10 26 2 0.0 0.0 0.0 1.0
putVoxel 12 26 2 0.0 0.0 0.0 1.0
putVoxel 2 10 2 0.0 0.0 0.0 1.0
putVoxel 4 10 2 0.0 0.0 0.0 1.0
putVoxel 11 10 2 0.0 0.0 0.0 1.0
putVoxel 13 10 2 0.0 0.0 0.0 1.0
putBox 0 15 0 18 10 22 0.95 0.95 0.95 1.0
putBox 1 14 18 30 10 21 0.95 0.95 0.95 1.0
putBox 4 11 30 37 13 20 0.95 0.95 0.95 1.0
putBox 3 5 34 35 19 21 0.8 0.8 0.8 1.0
putBox 10 12 34 35 19 21 0.8 0.8 0.8 1.0
putBox 5 10 37 40 13 16 0.95 0.95 0.95 1.0
putBox 5 10 39 40 13 14 0.0 0.0 0.0 1.0
putBox 6 9 39 40 14 15 0.0 0.0 0.0 1.0
putBox 5 6 36 37 16 17 0.0 0.0 0.0 1.0
putBox 9 10 36 37 16 17 0.0 0.0 0.0 1.0
putBox 5 7 36 37 17 18 0.8 0.8 0.8 1.0
putBox 8 10 36 37 17 18 0.8 0.8 0.8 1.0
putVoxel 4 36 17 0.65 0.65 0.65 1.0
putVoxel 10 36 17 0.65 0.65 0.65 1.0
